65
28
14
49
86
67
10
25
43
50
22
26
19
65
15
73
48
30
1
52
5
87
76
55
7
5
32
69
24
66
97
76
20
88
25
44
6
27
98
59
51
7
17
29
65
74
81
52
86
60
58
64
5
51
73
78
53
59
42
81
36
42
2
78
54
46
6
32
41
71
68
21
33
42
2
98
70
47
91
34
25
80
84
64
8
33
72
69
15
47
92
48
85
17
24
9
6
40
75
19
68
49
12
15
93
37
31
63
50
76
9
6
68
9
57
56
59
39
70
22
74
38
18
94
80
20
37
16
19
93
93
31
73
73
67
76
68
69
71
72
2
10
19
40
39
87
80
77
60
68
51
68
70
54
45
30
32
19
36
74
1
16
45
58
83
78
33
96
43
82
88
90
68
99
20
65
20
78
55
93
41
61
56
51
42
26
61
19
28
37
44
50
34
98
72
87
65
62
57
61
54
84
34
79
80
61
100
72
34
80
11
54
65
43
33
41
60
94
16
58
18
15
69
6
38
39
57
71
27
33
100
58
22
94
40
57
27
78
71
82
26
90
85
48
27
91
85
92
65
32
28
71
47
100
44
40
16
29
42
42
5
30
45
1
80
53
33
71
3
76
14
82
24
35
32
29
30
21
79
48
54
65
6
96
6
30
12
22
50
1
42
99
37
30
77
97
45
84
68
75
58
14
89
89
18
46
48
13
68
16
11
95
50
95
88
41
24
50
96
51
42
11
21
3
35
16
46
95
58
36
85
46
54
5
90
41
77
17
78
60
82
100
55
35
90
48
49
43
43
36
73
95
89
17
33
48
93
86
55
2
100
54
55
32
31
65
42
45
5
48
64
8
72
36
70
43
57
87
13
88
67
4
52
22
64
90
57
37
72
43
48
91
63
76
61
29
45
23
5
26
6
4
38
95
73
66
23
54
48
91
91
7
73
68
35
97
2
33
69
42
8
6
73
63
1
74
46
96
76
41
98
34
83
88
82
64
67
58
50
98
67
4
89
82
52
41
19
96
41
64
28
13
54
63
18
1
31
75
95
99
21
28
78
8
93
58
25
85
86
72
30
45
83
72
75
4
17
92
11
60
55
50
55
12
14
86
81
20
71
82
33
92
63
51
78
40
27
82
89
95
16
34
10
70
34
84
30
83
89
14
84
40
65
35
44
71
73
67
95
8
78
6
15
5
40
39
82
32
94
35
78
36
3
17
45
22
41
86
78
30
56
98
31
57
98
94
28
28
7
7
67
60
87
82
18
10
19
6
30
96
2
99
89
54
36
49
37
48
91
23
31
88
90
65
53
80
76
59
7
47
12
55
25
87
68
19
49
22
100
36
4
35
56
83
29
58
9
78
21
50
57
80
38
85
77
80
71
23
29
38
35
61
99
84
84
47
74
2
86
18
100
15
49
56
19
96
32
7
36
96
71
98
38
58
90
32
18
40
10
89
48
26
93
62
1
44
36
72
99
83
84
8
92
4
50
42
32
83
66
82
49
64
88
34
68
37
23
42
94
52
30
34
92
98
70
74
23
88
55
76
60
60
9
54
12
64
7
34
8
49
1
36
75
29
41
85
39
59
95
64
21
95
79
47
53
51
16
94
34
77
20
45
28
91
23
89
55
35
23
4
31
90
34
46
52
95
60
64
58
86
36
64
94
91
56
65
82
62
1
62
49
13
100
32
30
57
8
84
6
52
30
5
37
91
34
32
61
33
96
59
91
52
37
49
41
56
52
37
35
58
7
94
35
62
56
18
90
3
16
96
87
76
58
6
57
31
27
3
58
25
4
50
67
42
71
97
77
52
91
74
6
71
50
48
46
37
71
76
36
16
42
59
17
1
73
16
95
32
92
11
30
49
80
11
55
58
27
93
91
59
42
38
12
43
91
16
27
10
60
21
61
52
68
42
83
45
33
67
70
56
3
46
60
81
45
57
92
39
94
89
10
78
85
77
75
5
48
75
11
57
90
85
72
72
50
78
82
38
29
10
25
60
24
36
57
97
78
31
98
34
25
88
16
71
11
84
68
91
68
78
98
58
57
13
67
18
74
89
32
68
75
54
11
85
64
51
54
50
21
78
27
17
77
77
33
2
69
1
62
67
11
92
71
51
12
68
4
12
70
39
23
90
100
31
59
71
78
32
8
61
30
19
71
90
52
82
81
81
80
65
50
74
28
65
58
84
83
60
73
97
47
43
81
82
55
38
17
46
18
62
24
38
94
1
38
93
22
82
100
31
87
24
32
5
90
50
62
35
74
76